2.6288,4.6948,1.0000,1.0000,1.0000,1.0000,1.0000,1.0000,1.0000,1.0000
2.0671,0.2727,1.0000,1.0000,1.0000,1.0000,1.0000,1.0000,1.0000,1.0000
0.8114,3.6476,1.0000,1.0000,1.0000,1.0000,1.0000,1.0000,1.0000,1.0000
3.9271,1.3319,1.0000,1.0000,1.0000,1.0000,1.0000,1.0000,1.0000,1.0000
4.9803,2.8601,1.0000,1.0000,1.0000,1.0000,1.0000,1.0000,1.0000,1.0000
0.6384,2.1140,1.0000,1.0000,1.0000,1.0000,1.0000,1.0000,1.0000,1.0000
1.9337,4.2615,1.0000,1.0000,1.0000,1.0000,1.0000,1.0000,1.0000,1.0000
3.7191,0.7198,1.0000,1.0000,1.0000,1.0000,1.0000,1.0000,1.0000,1.0000
3.1994,3.4198,1.0000,1.0000,1.0000,1.0000,1.0000,1.0000,1.0000,1.0000
1.3864,1.7170,1.0000,1.0000,1.0000,1.0000,1.0000,1.0000,1.0000,1.0000
0.1163,4.4672,1.0000,1.0000,1.0000,1.0000,1.0000,1.0000,1.0000,1.0000
4.4259,0.6576,1.0000,1.0000,1.0000,1.0000,1.0000,1.0000,1.0000,1.0000
4.2926,4.0296,1.0000,1.0000,1.0000,1.0000,1.0000,1.0000,1.0000,1.0000
1.2068,1.1006,1.0000,1.0000,1.0000,1.0000,1.0000,1.0000,1.0000,1.0000
2.4399,2.6281,1.0000,1.0000,1.0000,1.0000,1.0000,1.0000,1.0000,1.0000
3.0267,2.4950,1.0000,1.0000,1.0000,1.0000,1.0000,1.0000,1.0000,1.0000
2.9077,2.7772,1.0000,1.0000,1.0000,1.0000,1.0000,1.0000,1.0000,1.0000
2.2527,2.2980,1.0000,1.0000,1.0000,1.0000,1.0000,1.0000,1.0000,1.0000
1.0878,3.8234,1.0000,1.0000,1.0000,1.0000,1.0000,1.0000,1.0000,1.0000
4.1054,1.2398,1.0000,1.0000,1.0000,1.0000,1.0000,1.0000,1.0000,1.0000
4.5461,4.6150,1.0000,1.0000,1.0000,1.0000,1.0000,1.0000,1.0000,1.0000
0.3023,0.4619,1.0000,1.0000,1.0000,1.0000,1.0000,1.0000,1.0000,1.0000
1.5066,3.2147,1.0000,1.0000,1.0000,1.0000,1.0000,1.0000,1.0000,1.0000
3.3854,1.8551,1.0000,1.0000,1.0000,1.0000,1.0000,1.0000,1.0000,1.0000
3.6097,4.2081,1.0000,1.0000,1.0000,1.0000,1.0000,1.0000,1.0000,1.0000
1.7369,1.0124,1.0000,1.0000,1.0000,1.0000,1.0000,1.0000,1.0000,1.0000
0.5289,3.1620,1.0000,1.0000,1.0000,1.0000,1.0000,1.0000,1.0000,1.0000
4.7835,2.0705,1.0000,1.0000,1.0000,1.0000,1.0000,1.0000,1.0000,1.0000
4.0378,3.5954,1.0000,1.0000,1.0000,1.0000,1.0000,1.0000,1.0000,1.0000
1.0070,1.6234,1.0000,1.0000,1.0000,1.0000,1.0000,1.0000,1.0000,1.0000
2.1778,4.9955,1.0000,1.0000,1.0000,1.0000,1.0000,1.0000,1.0000,1.0000
2.8244,0.2304,1.0000,1.0000,1.0000,1.0000,1.0000,1.0000,1.0000,1.0000
2.7739,3.7330,1.0000,1.0000,1.0000,1.0000,1.0000,1.0000,1.0000,1.0000
2.1177,1.4164,1.0000,1.0000,1.0000,1.0000,1.0000,1.0000,1.0000,1.0000
0.9140,4.7816,1.0000,1.0000,1.0000,1.0000,1.0000,1.0000,1.0000,1.0000
3.9352,0.3605,1.0000,1.0000,1.0000,1.0000,1.0000,1.0000,1.0000,1.0000
4.7192,4.3483,1.0000,1.0000,1.0000,1.0000,1.0000,1.0000,1.0000,1.0000
0.4742,0.8076,1.0000,1.0000,1.0000,1.0000,1.0000,1.0000,1.0000,1.0000
1.6385,2.9456,1.0000,1.0000,1.0000,1.0000,1.0000,1.0000,1.0000,1.0000
3.5208,2.1984,1.0000,1.0000,1.0000,1.0000,1.0000,1.0000,1.0000,1.0000
3.4353,4.4007,1.0000,1.0000,1.0000,1.0000,1.0000,1.0000,1.0000,1.0000
1.5661,0.5925,1.0000,1.0000,1.0000,1.0000,1.0000,1.0000,1.0000,1.0000
0.3959,3.3522,1.0000,1.0000,1.0000,1.0000,1.0000,1.0000,1.0000,1.0000
4.6493,1.6482,1.0000,1.0000,1.0000,1.0000,1.0000,1.0000,1.0000,1.0000
4.1703,2.5606,1.0000,1.0000,1.0000,1.0000,1.0000,1.0000,1.0000,1.0000
1.1431,2.4260,1.0000,1.0000,1.0000,1.0000,1.0000,1.0000,1.0000,1.0000
2.3505,3.9632,1.0000,1.0000,1.0000,1.0000,1.0000,1.0000,1.0000,1.0000
2.9959,1.0355,1.0000,1.0000,1.0000,1.0000,1.0000,1.0000,1.0000,1.0000
3.1054,3.8921,1.0000,1.0000,1.0000,1.0000,1.0000,1.0000,1.0000,1.0000
2.5473,1.3075,1.0000,1.0000,1.0000,1.0000,1.0000,1.0000,1.0000,1.0000
1.2526,2.8424,1.0000,1.0000,1.0000,1.0000,1.0000,1.0000,1.0000,1.0000
4.3671,2.3643,1.0000,1.0000,1.0000,1.0000,1.0000,1.0000,1.0000,1.0000
4.5387,3.2800,1.0000,1.0000,1.0000,1.0000,1.0000,1.0000,1.0000,1.0000
0.2003,1.9214,1.0000,1.0000,1.0000,1.0000,1.0000,1.0000,1.0000,1.0000
1.4555,4.6838,1.0000,1.0000,1.0000,1.0000,1.0000,1.0000,1.0000,1.0000
3.2398,0.5296,1.0000,1.0000,1.0000,1.0000,1.0000,1.0000,1.0000,1.0000
3.6399,3.0740,1.0000,1.0000,1.0000,1.0000,1.0000,1.0000,1.0000,1.0000
1.8257,1.9838,1.0000,1.0000,1.0000,1.0000,1.0000,1.0000,1.0000,1.0000
0.5932,4.1238,1.0000,1.0000,1.0000,1.0000,1.0000,1.0000,1.0000,1.0000
4.9064,0.9268,1.0000,1.0000,1.0000,1.0000,1.0000,1.0000,1.0000,1.0000
3.8150,4.9113,1.0000,1.0000,1.0000,1.0000,1.0000,1.0000,1.0000,1.0000
0.7279,0.1447,1.0000,1.0000,1.0000,1.0000,1.0000,1.0000,1.0000,1.0000
1.9975,3.5074,1.0000,1.0000,1.0000,1.0000,1.0000,1.0000,1.0000,1.0000
2.5878,1.5367,1.0000,1.0000,1.0000,1.0000,1.0000,1.0000,1.0000,1.0000
2.6212,2.9838,1.0000,1.0000,1.0000,1.0000,1.0000,1.0000,1.0000,1.0000
1.9638,2.2368,1.0000,1.0000,1.0000,1.0000,1.0000,1.0000,1.0000,1.0000
0.7613,4.3863,1.0000,1.0000,1.0000,1.0000,1.0000,1.0000,1.0000,1.0000
3.7813,0.8462,1.0000,1.0000,1.0000,1.0000,1.0000,1.0000,1.0000,1.0000
4.8731,4.8197,1.0000,1.0000,1.0000,1.0000,1.0000,1.0000,1.0000,1.0000
0.6268,0.3990,1.0000,1.0000,1.0000,1.0000,1.0000,1.0000,1.0000,1.0000
1.7924,3.7712,1.0000,1.0000,1.0000,1.0000,1.0000,1.0000,1.0000,1.0000
3.6735,1.4547,1.0000,1.0000,1.0000,1.0000,1.0000,1.0000,1.0000,1.0000
3.2830,4.0016,1.0000,1.0000,1.0000,1.0000,1.0000,1.0000,1.0000,1.0000
1.4126,1.0735,1.0000,1.0000,1.0000,1.0000,1.0000,1.0000,1.0000,1.0000
0.2435,2.5989,1.0000,1.0000,1.0000,1.0000,1.0000,1.0000,1.0000,1.0000
4.4958,2.4643,1.0000,1.0000,1.0000,1.0000,1.0000,1.0000,1.0000,1.0000
4.3239,3.3906,1.0000,1.0000,1.0000,1.0000,1.0000,1.0000,1.0000,1.0000
1.2955,1.6864,1.0000,1.0000,1.0000,1.0000,1.0000,1.0000,1.0000,1.0000
2.5041,4.4392,1.0000,1.0000,1.0000,1.0000,1.0000,1.0000,1.0000,1.0000
3.1483,0.6306,1.0000,1.0000,1.0000,1.0000,1.0000,1.0000,1.0000,1.0000
2.9527,4.6454,1.0000,1.0000,1.0000,1.0000,1.0000,1.0000,1.0000,1.0000
2.3934,0.4914,1.0000,1.0000,1.0000,1.0000,1.0000,1.0000,1.0000,1.0000
1.0999,3.2415,1.0000,1.0000,1.0000,1.0000,1.0000,1.0000,1.0000,1.0000
4.2132,1.8834,1.0000,1.0000,1.0000,1.0000,1.0000,1.0000,1.0000,1.0000
4.6925,2.8040,1.0000,1.0000,1.0000,1.0000,1.0000,1.0000,1.0000,1.0000
0.3530,2.3262,1.0000,1.0000,1.0000,1.0000,1.0000,1.0000,1.0000,1.0000
1.6094,3.8538,1.0000,1.0000,1.0000,1.0000,1.0000,1.0000,1.0000,1.0000
3.3924,1.2692,1.0000,1.0000,1.0000,1.0000,1.0000,1.0000,1.0000,1.0000
3.4875,3.4693,1.0000,1.0000,1.0000,1.0000,1.0000,1.0000,1.0000,1.0000
1.6721,1.4982,1.0000,1.0000,1.0000,1.0000,1.0000,1.0000,1.0000,1.0000
0.4408,4.8731,1.0000,1.0000,1.0000,1.0000,1.0000,1.0000,1.0000,1.0000
4.7528,0.1064,1.0000,1.0000,1.0000,1.0000,1.0000,1.0000,1.0000,1.0000
3.9686,4.0856,1.0000,1.0000,1.0000,1.0000,1.0000,1.0000,1.0000,1.0000
0.8804,0.8885,1.0000,1.0000,1.0000,1.0000,1.0000,1.0000,1.0000,1.0000
2.1511,3.0360,1.0000,1.0000,1.0000,1.0000,1.0000,1.0000,1.0000,1.0000
2.7402,1.9453,1.0000,1.0000,1.0000,1.0000,1.0000,1.0000,1.0000,1.0000
2.7812,4.2997,1.0000,1.0000,1.0000,1.0000,1.0000,1.0000,1.0000,1.0000
2.2208,0.7581,1.0000,1.0000,1.0000,1.0000,1.0000,1.0000,1.0000,1.0000
0.9638,2.8982,1.0000,1.0000,1.0000,1.0000,1.0000,1.0000,1.0000,1.0000
4.0807,2.1525,1.0000,1.0000,1.0000,1.0000,1.0000,1.0000,1.0000,1.0000
4.8267,3.6856,1.0000,1.0000,1.0000,1.0000,1.0000,1.0000,1.0000,1.0000
0.4860,1.3704,1.0000,1.0000,1.0000,1.0000,1.0000,1.0000,1.0000,1.0000
1.7801,4.7330,1.0000,1.0000,1.0000,1.0000,1.0000,1.0000,1.0000,1.0000
3.5667,0.3111,1.0000,1.0000,1.0000,1.0000,1.0000,1.0000,1.0000,1.0000
3.3520,2.6666,1.0000,1.0000,1.0000,1.0000,1.0000,1.0000,1.0000,1.0000
1.5403,2.5330,1.0000,1.0000,1.0000,1.0000,1.0000,1.0000,1.0000,1.0000
0.2689,4.0680,1.0000,1.0000,1.0000,1.0000,1.0000,1.0000,1.0000,1.0000
4.5798,1.1388,1.0000,1.0000,1.0000,1.0000,1.0000,1.0000,1.0000,1.0000
4.1388,4.5055,1.0000,1.0000,1.0000,1.0000,1.0000,1.0000,1.0000,1.0000
1.0541,0.6959,1.0000,1.0000,1.0000,1.0000,1.0000,1.0000,1.0000,1.0000
2.2861,3.4582,1.0000,1.0000,1.0000,1.0000,1.0000,1.0000,1.0000,1.0000
2.8740,1.7551,1.0000,1.0000,1.0000,1.0000,1.0000,1.0000,1.0000,1.0000
3.0600,3.1764,1.0000,1.0000,1.0000,1.0000,1.0000,1.0000,1.0000,1.0000
2.4063,1.8168,1.0000,1.0000,1.0000,1.0000,1.0000,1.0000,1.0000,1.0000
1.2401,4.5766,1.0000,1.0000,1.0000,1.0000,1.0000,1.0000,1.0000,1.0000
4.2590,0.4238,1.0000,1.0000,1.0000,1.0000,1.0000,1.0000,1.0000,1.0000
4.3926,3.7849,1.0000,1.0000,1.0000,1.0000,1.0000,1.0000,1.0000,1.0000
0.1499,1.2018,1.0000,1.0000,1.0000,1.0000,1.0000,1.0000,1.0000,1.0000
1.3531,2.7388,1.0000,1.0000,1.0000,1.0000,1.0000,1.0000,1.0000,1.0000
3.2330,2.2598,1.0000,1.0000,1.0000,1.0000,1.0000,1.0000,1.0000,1.0000
3.7623,4.9575,1.0000,1.0000,1.0000,1.0000,1.0000,1.0000,1.0000,1.0000
1.8908,0.1918,1.0000,1.0000,1.0000,1.0000,1.0000,1.0000,1.0000,1.0000
0.6816,3.5572,1.0000,1.0000,1.0000,1.0000,1.0000,1.0000,1.0000,1.0000
4.9374,1.5850,1.0000,1.0000,1.0000,1.0000,1.0000,1.0000,1.0000,1.0000
3.8839,3.1238,1.0000,1.0000,1.0000,1.0000,1.0000,1.0000,1.0000,1.0000
0.8543,2.0321,1.0000,1.0000,1.0000,1.0000,1.0000,1.0000,1.0000,1.0000
2.0240,4.1700,1.0000,1.0000,1.0000,1.0000,1.0000,1.0000,1.0000,1.0000
2.6717,0.9739,1.0000,1.0000,1.0000,1.0000,1.0000,1.0000,1.0000,1.0000
1.0000,1.0000,3.6899,1.4834,1.0000,1.0000,1.0000,1.0000,1.0000,1.0000
1.0000,1.0000,1.5079,4.3240,1.0000,1.0000,1.0000,1.0000,1.0000,1.0000
1.0000,1.0000,1.0605,0.5521,1.0000,1.0000,1.0000,1.0000,1.0000,1.0000
1.0000,1.0000,3.7785,2.6163,1.0000,1.0000,1.0000,1.0000,1.0000,1.0000
1.0000,1.0000,4.4529,1.1455,1.0000,1.0000,1.0000,1.0000,1.0000,1.0000
1.0000,1.0000,0.4333,3.2098,1.0000,1.0000,1.0000,1.0000,1.0000,1.0000
1.0000,1.0000,2.1441,2.1151,1.0000,1.0000,1.0000,1.0000,1.0000,1.0000
1.0000,1.0000,3.0245,4.9557,1.0000,1.0000,1.0000,1.0000,1.0000,1.0000
1.0000,1.0000,2.8508,0.2750,1.0000,1.0000,1.0000,1.0000,1.0000,1.0000
1.0000,1.0000,2.5060,3.1204,1.0000,1.0000,1.0000,1.0000,1.0000,1.0000
1.0000,1.0000,0.2166,1.7650,1.0000,1.0000,1.0000,1.0000,1.0000,1.0000
1.0000,1.0000,4.7718,3.8148,1.0000,1.0000,1.0000,1.0000,1.0000,1.0000
1.0000,1.0000,4.2212,2.3967,1.0000,1.0000,1.0000,1.0000,1.0000,1.0000
1.0000,1.0000,0.8144,4.4466,1.0000,1.0000,1.0000,1.0000,1.0000,1.0000
1.0000,1.0000,1.9172,0.8684,1.0000,1.0000,1.0000,1.0000,1.0000,1.0000
1.0000,1.0000,3.4104,3.7138,1.0000,1.0000,1.0000,1.0000,1.0000,1.0000
1.0000,1.0000,3.2320,0.7861,1.0000,1.0000,1.0000,1.0000,1.0000,1.0000
1.0000,1.0000,1.6626,3.6063,1.0000,1.0000,1.0000,1.0000,1.0000,1.0000
1.0000,1.0000,0.9040,2.4735,1.0000,1.0000,1.0000,1.0000,1.0000,1.0000
1.0000,1.0000,4.2346,4.5580,1.0000,1.0000,1.0000,1.0000,1.0000,1.0000
1.0000,1.0000,4.9096,1.8802,1.0000,1.0000,1.0000,1.0000,1.0000,1.0000
1.0000,1.0000,0.2775,3.9647,1.0000,1.0000,1.0000,1.0000,1.0000,1.0000
1.0000,1.0000,2.2993,0.1545,1.0000,1.0000,1.0000,1.0000,1.0000,1.0000
1.0000,1.0000,2.5672,2.9748,1.0000,1.0000,1.0000,1.0000,1.0000,1.0000
1.0000,1.0000,3.0018,1.9898,1.0000,1.0000,1.0000,1.0000,1.0000,1.0000
1.0000,1.0000,2.0446,4.8147,1.0000,1.0000,1.0000,1.0000,1.0000,1.0000
1.0000,1.0000,0.6786,1.2749,1.0000,1.0000,1.0000,1.0000,1.0000,1.0000
1.0000,1.0000,4.6214,3.3451,1.0000,1.0000,1.0000,1.0000,1.0000,1.0000
1.0000,1.0000,4.0714,0.6434,1.0000,1.0000,1.0000,1.0000,1.0000,1.0000
1.0000,1.0000,1.2771,2.7135,1.0000,1.0000,1.0000,1.0000,1.0000,1.0000
1.0000,1.0000,1.4563,1.3964,1.0000,1.0000,1.0000,1.0000,1.0000,1.0000
1.0000,1.0000,3.5620,4.2215,1.0000,1.0000,1.0000,1.0000,1.0000,1.0000
1.0000,1.0000,3.4969,0.4150,1.0000,1.0000,1.0000,1.0000,1.0000,1.0000
1.0000,1.0000,1.3917,2.6383,1.0000,1.0000,1.0000,1.0000,1.0000,1.0000
1.0000,1.0000,1.1881,1.6251,1.0000,1.0000,1.0000,1.0000,1.0000,1.0000
1.0000,1.0000,3.9829,4.2970,1.0000,1.0000,1.0000,1.0000,1.0000,1.0000
1.0000,1.0000,4.5717,2.2183,1.0000,1.0000,1.0000,1.0000,1.0000,1.0000
1.0000,1.0000,0.6285,4.8903,1.0000,1.0000,1.0000,1.0000,1.0000,1.0000
1.0000,1.0000,1.9423,1.0466,1.0000,1.0000,1.0000,1.0000,1.0000,1.0000
1.0000,1.0000,2.8991,3.2699,1.0000,1.0000,1.0000,1.0000,1.0000,1.0000
1.0000,1.0000,2.6506,1.6521,1.0000,1.0000,1.0000,1.0000,1.0000,1.0000
1.0000,1.0000,2.3826,3.8898,1.0000,1.0000,1.0000,1.0000,1.0000,1.0000
1.0000,1.0000,0.3466,0.3835,1.0000,1.0000,1.0000,1.0000,1.0000,1.0000
1.0000,1.0000,4.9786,3.0506,1.0000,1.0000,1.0000,1.0000,1.0000,1.0000
1.0000,1.0000,4.3424,1.0150,1.0000,1.0000,1.0000,1.0000,1.0000,1.0000
1.0000,1.0000,1.0120,3.6822,1.0000,1.0000,1.0000,1.0000,1.0000,1.0000
1.0000,1.0000,1.7082,2.2455,1.0000,1.0000,1.0000,1.0000,1.0000,1.0000
1.0000,1.0000,3.2778,4.4831,1.0000,1.0000,1.0000,1.0000,1.0000,1.0000
1.0000,1.0000,3.3411,2.4719,1.0000,1.0000,1.0000,1.0000,1.0000,1.0000
1.0000,1.0000,1.8483,4.6749,1.0000,1.0000,1.0000,1.0000,1.0000,1.0000
1.0000,1.0000,0.7308,0.7929,1.0000,1.0000,1.0000,1.0000,1.0000,1.0000
1.0000,1.0000,4.1380,3.4852,1.0000,1.0000,1.0000,1.0000,1.0000,1.0000
1.0000,1.0000,4.7263,0.1995,1.0000,1.0000,1.0000,1.0000,1.0000,1.0000
1.0000,1.0000,0.1706,2.8917,1.0000,1.0000,1.0000,1.0000,1.0000,1.0000
1.0000,1.0000,2.3984,1.8402,1.0000,1.0000,1.0000,1.0000,1.0000,1.0000
1.0000,1.0000,2.7427,4.0432,1.0000,1.0000,1.0000,1.0000,1.0000,1.0000
1.0000,1.0000,3.1133,1.2204,1.0000,1.0000,1.0000,1.0000,1.0000,1.0000
1.0000,1.0000,2.2328,3.4378,1.0000,1.0000,1.0000,1.0000,1.0000,1.0000
1.0000,1.0000,0.4982,2.0393,1.0000,1.0000,1.0000,1.0000,1.0000,1.0000
1.0000,1.0000,4.5177,4.7268,1.0000,1.0000,1.0000,1.0000,1.0000,1.0000
1.0000,1.0000,3.8810,1.4076,1.0000,1.0000,1.0000,1.0000,1.0000,1.0000
1.0000,1.0000,1.1631,4.0950,1.0000,1.0000,1.0000,1.0000,1.0000,1.0000
1.0000,1.0000,1.5578,0.6270,1.0000,1.0000,1.0000,1.0000,1.0000,1.0000
1.0000,1.0000,3.7399,2.8444,1.0000,1.0000,1.0000,1.0000,1.0000,1.0000
1.0000,1.0000,3.7261,1.0932,1.0000,1.0000,1.0000,1.0000,1.0000,1.0000
1.0000,1.0000,1.6206,3.2973,1.0000,1.0000,1.0000,1.0000,1.0000,1.0000
1.0000,1.0000,1.1111,2.1716,1.0000,1.0000,1.0000,1.0000,1.0000,1.0000
1.0000,1.0000,3.9055,4.8627,1.0000,1.0000,1.0000,1.0000,1.0000,1.0000
1.0000,1.0000,4.4944,1.5782,1.0000,1.0000,1.0000,1.0000,1.0000,1.0000
1.0000,1.0000,0.5515,4.2692,1.0000,1.0000,1.0000,1.0000,1.0000,1.0000
1.0000,1.0000,2.1712,0.4615,1.0000,1.0000,1.0000,1.0000,1.0000,1.0000
1.0000,1.0000,3.1283,2.6656,1.0000,1.0000,1.0000,1.0000,1.0000,1.0000
1.0000,1.0000,2.7277,2.2917,1.0000,1.0000,1.0000,1.0000,1.0000,1.0000
1.0000,1.0000,2.4599,4.5102,1.0000,1.0000,1.0000,1.0000,1.0000,1.0000
1.0000,1.0000,0.1174,0.9680,1.0000,1.0000,1.0000,1.0000,1.0000,1.0000
1.0000,1.0000,4.7496,3.6543,1.0000,1.0000,1.0000,1.0000,1.0000,1.0000
1.0000,1.0000,4.1135,0.3363,1.0000,1.0000,1.0000,1.0000,1.0000,1.0000
1.0000,1.0000,0.7828,3.0226,1.0000,1.0000,1.0000,1.0000,1.0000,1.0000
1.0000,1.0000,1.7855,1.6983,1.0000,1.0000,1.0000,1.0000,1.0000,1.0000
1.0000,1.0000,3.3548,3.9168,1.0000,1.0000,1.0000,1.0000,1.0000,1.0000
1.0000,1.0000,3.2653,1.7937,1.0000,1.0000,1.0000,1.0000,1.0000,1.0000
1.0000,1.0000,1.7722,4.0159,1.0000,1.0000,1.0000,1.0000,1.0000,1.0000
1.0000,1.0000,0.9612,0.2464,1.0000,1.0000,1.0000,1.0000,1.0000,1.0000
1.0000,1.0000,4.3682,2.9195,1.0000,1.0000,1.0000,1.0000,1.0000,1.0000
1.0000,1.0000,4.9565,0.8396,1.0000,1.0000,1.0000,1.0000,1.0000,1.0000
1.0000,1.0000,0.4011,3.5128,1.0000,1.0000,1.0000,1.0000,1.0000,1.0000
1.0000,1.0000,2.3222,2.4253,1.0000,1.0000,1.0000,1.0000,1.0000,1.0000
1.0000,1.0000,2.6668,4.6474,1.0000,1.0000,1.0000,1.0000,1.0000,1.0000
1.0000,1.0000,2.8829,0.5808,1.0000,1.0000,1.0000,1.0000,1.0000,1.0000
1.0000,1.0000,2.0026,2.8174,1.0000,1.0000,1.0000,1.0000,1.0000,1.0000
1.0000,1.0000,0.5741,1.4548,1.0000,1.0000,1.0000,1.0000,1.0000,1.0000
1.0000,1.0000,4.5938,4.1231,1.0000,1.0000,1.0000,1.0000,1.0000,1.0000
1.0000,1.0000,3.9571,2.0863,1.0000,1.0000,1.0000,1.0000,1.0000,1.0000
1.0000,1.0000,1.2389,4.7547,1.0000,1.0000,1.0000,1.0000,1.0000,1.0000
1.0000,1.0000,1.3276,1.1742,1.0000,1.0000,1.0000,1.0000,1.0000,1.0000
1.0000,1.0000,3.5094,3.4106,1.0000,1.0000,1.0000,1.0000,1.0000,1.0000
1.0000,1.0000,3.6129,2.1636,1.0000,1.0000,1.0000,1.0000,1.0000,1.0000
1.0000,1.0000,1.4306,4.9851,1.0000,1.0000,1.0000,1.0000,1.0000,1.0000
1.0000,1.0000,1.2897,1.0959,1.0000,1.0000,1.0000,1.0000,1.0000,1.0000
1.0000,1.0000,4.0074,3.1793,1.0000,1.0000,1.0000,1.0000,1.0000,1.0000
1.0000,1.0000,4.6818,0.5027,1.0000,1.0000,1.0000,1.0000,1.0000,1.0000
1.0000,1.0000,0.6625,2.5860,1.0000,1.0000,1.0000,1.0000,1.0000,1.0000
1.0000,1.0000,2.0668,1.5320,1.0000,1.0000,1.0000,1.0000,1.0000,1.0000
1.0000,1.0000,2.9474,4.3536,1.0000,1.0000,1.0000,1.0000,1.0000,1.0000
1.0000,1.0000,2.6216,0.9173,1.0000,1.0000,1.0000,1.0000,1.0000,1.0000
1.0000,1.0000,2.2771,3.7435,1.0000,1.0000,1.0000,1.0000,1.0000,1.0000
1.0000,1.0000,0.2936,2.3474,1.0000,1.0000,1.0000,1.0000,1.0000,1.0000
1.0000,1.0000,4.8491,4.4164,1.0000,1.0000,1.0000,1.0000,1.0000,1.0000
1.0000,1.0000,4.2986,1.7159,1.0000,1.0000,1.0000,1.0000,1.0000,1.0000
1.0000,1.0000,0.8914,3.7848,1.0000,1.0000,1.0000,1.0000,1.0000,1.0000
1.0000,1.0000,1.6882,0.3239,1.0000,1.0000,1.0000,1.0000,1.0000,1.0000
1.0000,1.0000,3.1811,3.1502,1.0000,1.0000,1.0000,1.0000,1.0000,1.0000
1.0000,1.0000,3.4624,0.1059,1.0000,1.0000,1.0000,1.0000,1.0000,1.0000
1.0000,1.0000,1.8927,2.9453,1.0000,1.0000,1.0000,1.0000,1.0000,1.0000
1.0000,1.0000,0.8282,1.9296,1.0000,1.0000,1.0000,1.0000,1.0000,1.0000
1.0000,1.0000,4.1585,3.9950,1.0000,1.0000,1.0000,1.0000,1.0000,1.0000
1.0000,1.0000,4.8335,2.5230,1.0000,1.0000,1.0000,1.0000,1.0000,1.0000
1.0000,1.0000,0.2017,4.5884,1.0000,1.0000,1.0000,1.0000,1.0000,1.0000
1.0000,1.0000,2.5294,0.7376,1.0000,1.0000,1.0000,1.0000,1.0000,1.0000
1.0000,1.0000,2.7976,3.5770,1.0000,1.0000,1.0000,1.0000,1.0000,1.0000
1.0000,1.0000,3.0776,1.3475,1.0000,1.0000,1.0000,1.0000,1.0000,1.0000
1.0000,1.0000,2.1207,4.1917,1.0000,1.0000,1.0000,1.0000,1.0000,1.0000
1.0000,1.0000,0.4482,0.6925,1.0000,1.0000,1.0000,1.0000,1.0000,1.0000
1.0000,1.0000,4.3913,2.7435,1.0000,1.0000,1.0000,1.0000,1.0000,1.0000
1.0000,1.0000,3.8413,1.3242,1.0000,1.0000,1.0000,1.0000,1.0000,1.0000
1.0000,1.0000,1.0467,3.3753,1.0000,1.0000,1.0000,1.0000,1.0000,1.0000
1.0000,1.0000,1.5324,1.9409,1.0000,1.0000,1.0000,1.0000,1.0000,1.0000
1.0000,1.0000,3.6378,4.7851,1.0000,1.0000,1.0000,1.0000,1.0000,1.0000
1.0000,1.0000,1.0000,1.0000,4.3359,1.2755,1.0000,1.0000,1.0000,1.0000
1.0000,1.0000,1.0000,1.0000,2.3000,3.5253,1.0000,1.0000,1.0000,1.0000
1.0000,1.0000,1.0000,1.0000,0.8902,2.2578,1.0000,1.0000,1.0000,1.0000
1.0000,1.0000,1.0000,1.0000,2.6833,4.9837,1.0000,1.0000,1.0000,1.0000
1.0000,1.0000,1.0000,1.0000,3.5961,1.6914,1.0000,1.0000,1.0000,1.0000
1.0000,1.0000,1.0000,1.0000,0.5805,4.3248,1.0000,1.0000,1.0000,1.0000
1.0000,1.0000,1.0000,1.0000,1.3753,0.6926,1.0000,1.0000,1.0000,1.0000
1.0000,1.0000,1.0000,1.0000,4.6387,2.8834,1.0000,1.0000,1.0000,1.0000
1.0000,1.0000,1.0000,1.0000,4.7317,1.9632,1.0000,1.0000,1.0000,1.0000
1.0000,1.0000,1.0000,1.0000,1.9042,4.6706,1.0000,1.0000,1.0000,1.0000
1.0000,1.0000,1.0000,1.0000,0.2144,0.9521,1.0000,1.0000,1.0000,1.0000
1.0000,1.0000,1.0000,1.0000,3.3590,3.2217,1.0000,1.0000,1.0000,1.0000
1.0000,1.0000,1.0000,1.0000,3.0492,0.3891,1.0000,1.0000,1.0000,1.0000
1.0000,1.0000,1.0000,1.0000,1.1273,2.5601,1.0000,1.0000,1.0000,1.0000
1.0000,1.0000,1.0000,1.0000,2.2069,1.3783,1.0000,1.0000,1.0000,1.0000
1.0000,1.0000,1.0000,1.0000,3.8071,4.0302,1.0000,1.0000,1.0000,1.0000
1.0000,1.0000,1.0000,1.0000,3.9948,1.5252,1.0000,1.0000,1.0000,1.0000
1.0000,1.0000,1.0000,1.0000,2.0286,3.8881,1.0000,1.0000,1.0000,1.0000
1.0000,1.0000,1.0000,1.0000,1.3150,0.2465,1.0000,1.0000,1.0000,1.0000
1.0000,1.0000,1.0000,1.0000,2.8710,2.7075,1.0000,1.0000,1.0000,1.0000
1.0000,1.0000,1.0000,1.0000,3.1737,0.7933,1.0000,1.0000,1.0000,1.0000
1.0000,1.0000,1.0000,1.0000,0.3904,3.3854,1.0000,1.0000,1.0000,1.0000
1.0000,1.0000,1.0000,1.0000,1.7188,2.1273,1.0000,1.0000,1.0000,1.0000
1.0000,1.0000,1.0000,1.0000,4.9077,4.5113,1.0000,1.0000,1.0000,1.0000
1.0000,1.0000,1.0000,1.0000,4.5369,0.5267,1.0000,1.0000,1.0000,1.0000
1.0000,1.0000,1.0000,1.0000,1.4865,3.0445,1.0000,1.0000,1.0000,1.0000
1.0000,1.0000,1.0000,1.0000,0.4787,1.8533,1.0000,1.0000,1.0000,1.0000
1.0000,1.0000,1.0000,1.0000,3.7073,4.1582,1.0000,1.0000,1.0000,1.0000
1.0000,1.0000,1.0000,1.0000,2.7826,2.3974,1.0000,1.0000,1.0000,1.0000
1.0000,1.0000,1.0000,1.0000,0.7814,4.8394,1.0000,1.0000,1.0000,1.0000
1.0000,1.0000,1.0000,1.0000,2.3994,1.1303,1.0000,1.0000,1.0000,1.0000
1.0000,1.0000,1.0000,1.0000,4.2272,3.6656,1.0000,1.0000,1.0000,1.0000
1.0000,1.0000,1.0000,1.0000,4.0921,2.3776,1.0000,1.0000,1.0000,1.0000
1.0000,1.0000,1.0000,1.0000,2.5344,4.8734,1.0000,1.0000,1.0000,1.0000
1.0000,1.0000,1.0000,1.0000,0.8004,1.2327,1.0000,1.0000,1.0000,1.0000
1.0000,1.0000,1.0000,1.0000,2.7636,3.5586,1.0000,1.0000,1.0000,1.0000
1.0000,1.0000,1.0000,1.0000,3.6883,0.5728,1.0000,1.0000,1.0000,1.0000
1.0000,1.0000,1.0000,1.0000,0.4976,2.9937,1.0000,1.0000,1.0000,1.0000
1.0000,1.0000,1.0000,1.0000,1.6216,1.7342,1.0000,1.0000,1.0000,1.0000
1.0000,1.0000,1.0000,1.0000,4.4019,4.2915,1.0000,1.0000,1.0000,1.0000
1.0000,1.0000,1.0000,1.0000,4.9261,0.9183,1.0000,1.0000,1.0000,1.0000
1.0000,1.0000,1.0000,1.0000,1.7004,3.2652,1.0000,1.0000,1.0000,1.0000
1.0000,1.0000,1.0000,1.0000,0.2559,2.0728,1.0000,1.0000,1.0000,1.0000
1.0000,1.0000,1.0000,1.0000,3.3081,4.5513,1.0000,1.0000,1.0000,1.0000
1.0000,1.0000,1.0000,1.0000,3.0054,1.4121,1.0000,1.0000,1.0000,1.0000
1.0000,1.0000,1.0000,1.0000,1.1806,3.9868,1.0000,1.0000,1.0000,1.0000
1.0000,1.0000,1.0000,1.0000,2.0102,0.2794,1.0000,1.0000,1.0000,1.0000
1.0000,1.0000,1.0000,1.0000,4.0132,2.6794,1.0000,1.0000,1.0000,1.0000
1.0000,1.0000,1.0000,1.0000,3.9021,0.1361,1.0000,1.0000,1.0000,1.0000
1.0000,1.0000,1.0000,1.0000,2.1119,2.8275,1.0000,1.0000,1.0000,1.0000
1.0000,1.0000,1.0000,1.0000,1.0694,1.5583,1.0000,1.0000,1.0000,1.0000
1.0000,1.0000,1.0000,1.0000,3.1071,3.8454,1.0000,1.0000,1.0000,1.0000
1.0000,1.0000,1.0000,1.0000,3.4169,2.2377,1.0000,1.0000,1.0000,1.0000
1.0000,1.0000,1.0000,1.0000,0.1565,4.3913,1.0000,1.0000,1.0000,1.0000
1.0000,1.0000,1.0000,1.0000,1.8093,0.7602,1.0000,1.0000,1.0000,1.0000
1.0000,1.0000,1.0000,1.0000,4.8267,3.4281,1.0000,1.0000,1.0000,1.0000
1.0000,1.0000,1.0000,1.0000,4.5802,1.8965,1.0000,1.0000,1.0000,1.0000
1.0000,1.0000,1.0000,1.0000,1.4338,4.1244,1.0000,1.0000,1.0000,1.0000
1.0000,1.0000,1.0000,1.0000,0.6760,0.4073,1.0000,1.0000,1.0000,1.0000
1.0000,1.0000,1.0000,1.0000,3.5005,3.1544,1.0000,1.0000,1.0000,1.0000
1.0000,1.0000,1.0000,1.0000,2.5878,1.0871,1.0000,1.0000,1.0000,1.0000
1.0000,1.0000,1.0000,1.0000,0.9857,3.6994,1.0000,1.0000,1.0000,1.0000
1.0000,1.0000,1.0000,1.0000,2.3585,2.5167,1.0000,1.0000,1.0000,1.0000
1.0000,1.0000,1.0000,1.0000,4.2774,4.7295,1.0000,1.0000,1.0000,1.0000
1.0000,1.0000,1.0000,1.0000,4.2723,1.7643,1.0000,1.0000,1.0000,1.0000
1.0000,1.0000,1.0000,1.0000,2.3637,4.2614,1.0000,1.0000,1.0000,1.0000
1.0000,1.0000,1.0000,1.0000,0.9802,0.6197,1.0000,1.0000,1.0000,1.0000
1.0000,1.0000,1.0000,1.0000,2.5932,2.9469,1.0000,1.0000,1.0000,1.0000
1.0000,1.0000,1.0000,1.0000,3.5085,1.1857,1.0000,1.0000,1.0000,1.0000
1.0000,1.0000,1.0000,1.0000,0.6680,3.6055,1.0000,1.0000,1.0000,1.0000
1.0000,1.0000,1.0000,1.0000,1.4415,2.3475,1.0000,1.0000,1.0000,1.0000
1.0000,1.0000,1.0000,1.0000,4.5726,4.9036,1.0000,1.0000,1.0000,1.0000
1.0000,1.0000,1.0000,1.0000,4.7949,0.3066,1.0000,1.0000,1.0000,1.0000
1.0000,1.0000,1.0000,1.0000,1.8411,2.6522,1.0000,1.0000,1.0000,1.0000
1.0000,1.0000,1.0000,1.0000,0.1250,1.4608,1.0000,1.0000,1.0000,1.0000
1.0000,1.0000,1.0000,1.0000,3.4484,3.9381,1.0000,1.0000,1.0000,1.0000
1.0000,1.0000,1.0000,1.0000,3.1363,2.0242,1.0000,1.0000,1.0000,1.0000
1.0000,1.0000,1.0000,1.0000,1.0402,4.6000,1.0000,1.0000,1.0000,1.0000
1.0000,1.0000,1.0000,1.0000,2.1415,0.8912,1.0000,1.0000,1.0000,1.0000
1.0000,1.0000,1.0000,1.0000,3.8726,3.2923,1.0000,1.0000,1.0000,1.0000
1.0000,1.0000,1.0000,1.0000,4.0771,0.7490,1.0000,1.0000,1.0000,1.0000
1.0000,1.0000,1.0000,1.0000,1.9463,3.4393,1.0000,1.0000,1.0000,1.0000
1.0000,1.0000,1.0000,1.0000,1.2448,2.1715,1.0000,1.0000,1.0000,1.0000
1.0000,1.0000,1.0000,1.0000,2.9412,4.4574,1.0000,1.0000,1.0000,1.0000
1.0000,1.0000,1.0000,1.0000,3.2416,1.6244,1.0000,1.0000,1.0000,1.0000
1.0000,1.0000,1.0000,1.0000,0.3225,3.7792,1.0000,1.0000,1.0000,1.0000
1.0000,1.0000,1.0000,1.0000,1.6342,0.1472,1.0000,1.0000,1.0000,1.0000
1.0000,1.0000,1.0000,1.0000,4.9923,2.8164,1.0000,1.0000,1.0000,1.0000
1.0000,1.0000,1.0000,1.0000,4.4541,2.5086,1.0000,1.0000,1.0000,1.0000
1.0000,1.0000,1.0000,1.0000,1.5693,4.7376,1.0000,1.0000,1.0000,1.0000
1.0000,1.0000,1.0000,1.0000,0.5496,1.0191,1.0000,1.0000,1.0000,1.0000
1.0000,1.0000,1.0000,1.0000,3.6364,3.7674,1.0000,1.0000,1.0000,1.0000
1.0000,1.0000,1.0000,1.0000,2.7142,0.4753,1.0000,1.0000,1.0000,1.0000
1.0000,1.0000,1.0000,1.0000,0.8499,3.0864,1.0000,1.0000,1.0000,1.0000
1.0000,1.0000,1.0000,1.0000,2.4846,1.9047,1.0000,1.0000,1.0000,1.0000
1.0000,1.0000,1.0000,1.0000,4.1419,4.1163,1.0000,1.0000,1.0000,1.0000
1.0000,1.0000,1.0000,1.0000,4.1606,0.6625,1.0000,1.0000,1.0000,1.0000
1.0000,1.0000,1.0000,1.0000,2.4659,2.9135,1.0000,1.0000,1.0000,1.0000
1.0000,1.0000,1.0000,1.0000,0.7151,1.6445,1.0000,1.0000,1.0000,1.0000
1.0000,1.0000,1.0000,1.0000,2.8489,4.3717,1.0000,1.0000,1.0000,1.0000
1.0000,1.0000,1.0000,1.0000,3.7711,2.3047,1.0000,1.0000,1.0000,1.0000
1.0000,1.0000,1.0000,1.0000,0.4148,4.9369,1.0000,1.0000,1.0000,1.0000
1.0000,1.0000,1.0000,1.0000,1.5507,1.3056,1.0000,1.0000,1.0000,1.0000
1.0000,1.0000,1.0000,1.0000,4.4728,3.4952,1.0000,1.0000,1.0000,1.0000
1.0000,1.0000,1.0000,1.0000,4.8582,1.3512,1.0000,1.0000,1.0000,1.0000
1.0000,1.0000,1.0000,1.0000,1.7684,4.0574,1.0000,1.0000,1.0000,1.0000
1.0000,1.0000,1.0000,1.0000,0.3405,0.3404,1.0000,1.0000,1.0000,1.0000
1.0000,1.0000,1.0000,1.0000,3.2235,2.6088,1.0000,1.0000,1.0000,1.0000
1.0000,1.0000,1.0000,1.0000,2.9231,1.0008,1.0000,1.0000,1.0000,1.0000
1.0000,1.0000,1.0000,1.0000,1.2629,3.1731,1.0000,1.0000,1.0000,1.0000
1.0000,1.0000,1.0000,1.0000,2.0805,1.9904,1.0000,1.0000,1.0000,1.0000
1.0000,1.0000,1.0000,1.0000,3.9430,4.6435,1.0000,1.0000,1.0000,1.0000
1.0000,1.0000,1.0000,1.0000,3.8150,2.1385,1.0000,1.0000,1.0000,1.0000
1.0000,1.0000,1.0000,1.0000,2.1990,4.5002,1.0000,1.0000,1.0000,1.0000
1.0000,1.0000,1.0000,1.0000,1.1349,0.8594,1.0000,1.0000,1.0000,1.0000
1.0000,1.0000,1.0000,1.0000,3.0417,3.3192,1.0000,1.0000,1.0000,1.0000
1.0000,1.0000,1.0000,1.0000,3.3538,0.1803,1.0000,1.0000,1.0000,1.0000
1.0000,1.0000,1.0000,1.0000,0.2197,2.7737,1.0000,1.0000,1.0000,1.0000
1.0000,1.0000,1.0000,1.0000,1.8987,1.5141,1.0000,1.0000,1.0000,1.0000
1.0000,1.0000,1.0000,1.0000,4.7373,3.8993,1.0000,1.0000,1.0000,1.0000
1.0000,1.0000,1.0000,1.0000,4.6678,1.1385,1.0000,1.0000,1.0000,1.0000
1.0000,1.0000,1.0000,1.0000,1.3462,3.6575,1.0000,1.0000,1.0000,1.0000
1.0000,1.0000,1.0000,1.0000,0.6099,2.4654,1.0000,1.0000,1.0000,1.0000
1.0000,1.0000,1.0000,1.0000,3.5667,4.7714,1.0000,1.0000,1.0000,1.0000
1.0000,1.0000,1.0000,1.0000,2.6514,1.7853,1.0000,1.0000,1.0000,1.0000
1.0000,1.0000,1.0000,1.0000,0.9221,4.2261,1.0000,1.0000,1.0000,1.0000
1.0000,1.0000,1.0000,1.0000,2.2684,0.5186,1.0000,1.0000,1.0000,1.0000
1.0000,1.0000,1.0000,1.0000,4.3675,3.0527,1.0000,1.0000,1.0000,1.0000
1.0000,1.0000,1.0000,1.0000,1.0000,1.0000,4.8664,2.6712,1.0000,1.0000
1.0000,1.0000,1.0000,1.0000,1.0000,1.0000,0.7969,1.5763,1.0000,1.0000
1.0000,1.0000,1.0000,1.0000,1.0000,1.0000,2.0315,4.2231,1.0000,1.0000
1.0000,1.0000,1.0000,1.0000,1.0000,1.0000,3.6509,0.6381,1.0000,1.0000
1.0000,1.0000,1.0000,1.0000,1.0000,1.0000,3.0436,4.9205,1.0000,1.0000
1.0000,1.0000,1.0000,1.0000,1.0000,1.0000,1.4139,1.0317,1.0000,1.0000
1.0000,1.0000,1.0000,1.0000,1.0000,1.0000,0.1793,3.3710,1.0000,1.0000
1.0000,1.0000,1.0000,1.0000,1.0000,1.0000,4.2589,1.9675,1.0000,1.0000
1.0000,1.0000,1.0000,1.0000,1.0000,1.0000,3.8277,3.8409,1.0000,1.0000
1.0000,1.0000,1.0000,1.0000,1.0000,1.0000,0.7063,0.2535,1.0000,1.0000
1.0000,1.0000,1.0000,1.0000,1.0000,1.0000,1.9218,2.9003,1.0000,1.0000
1.0000,1.0000,1.0000,1.0000,1.0000,1.0000,2.5932,1.8078,1.0000,1.0000
1.0000,1.0000,1.0000,1.0000,1.0000,1.0000,3.2017,3.7556,1.0000,1.0000
1.0000,1.0000,1.0000,1.0000,1.0000,1.0000,2.5381,2.3497,1.0000,1.0000
1.0000,1.0000,1.0000,1.0000,1.0000,1.0000,1.3227,4.6891,1.0000,1.0000
1.0000,1.0000,1.0000,1.0000,1.0000,1.0000,4.4364,0.8026,1.0000,1.0000
1.0000,1.0000,1.0000,1.0000,1.0000,1.0000,4.5726,4.4814,1.0000,1.0000
1.0000,1.0000,1.0000,1.0000,1.0000,1.0000,1.1103,1.0114,1.0000,1.0000
1.0000,1.0000,1.0000,1.0000,1.0000,1.0000,2.3256,3.5804,1.0000,1.0000
1.0000,1.0000,1.0000,1.0000,1.0000,1.0000,3.3380,2.5237,1.0000,1.0000
1.0000,1.0000,1.0000,1.0000,1.0000,1.0000,2.7300,3.0361,1.0000,1.0000
1.0000,1.0000,1.0000,1.0000,1.0000,1.0000,1.7087,1.6707,1.0000,1.0000
1.0000,1.0000,1.0000,1.0000,1.0000,1.0000,0.4932,3.9347,1.0000,1.0000
1.0000,1.0000,1.0000,1.0000,1.0000,1.0000,3.9645,0.1608,1.0000,1.0000
1.0000,1.0000,1.0000,1.0000,1.0000,1.0000,4.1278,3.1969,1.0000,1.0000
1.0000,1.0000,1.0000,1.0000,1.0000,1.0000,0.3873,2.1428,1.0000,1.0000
1.0000,1.0000,1.0000,1.0000,1.0000,1.0000,1.6219,4.7118,1.0000,1.0000
1.0000,1.0000,1.0000,1.0000,1.0000,1.0000,2.9124,1.2392,1.0000,1.0000
1.0000,1.0000,1.0000,1.0000,1.0000,1.0000,3.5192,4.3159,1.0000,1.0000
1.0000,1.0000,1.0000,1.0000,1.0000,1.0000,2.2400,0.5441,1.0000,1.0000
1.0000,1.0000,1.0000,1.0000,1.0000,1.0000,1.0056,2.8081,1.0000,1.0000
1.0000,1.0000,1.0000,1.0000,1.0000,1.0000,4.7347,1.4406,1.0000,1.0000
1.0000,1.0000,1.0000,1.0000,1.0000,1.0000,4.8014,4.0873,1.0000,1.0000
1.0000,1.0000,1.0000,1.0000,1.0000,1.0000,0.8810,0.6196,1.0000,1.0000
1.0000,1.0000,1.0000,1.0000,1.0000,1.0000,2.0964,2.5774,1.0000,1.0000
1.0000,1.0000,1.0000,1.0000,1.0000,1.0000,3.5670,1.5182,1.0000,1.0000
1.0000,1.0000,1.0000,1.0000,1.0000,1.0000,2.9601,3.4279,1.0000,1.0000
1.0000,1.0000,1.0000,1.0000,1.0000,1.0000,1.4782,2.0649,1.0000,1.0000
1.0000,1.0000,1.0000,1.0000,1.0000,1.0000,0.2628,4.9402,1.0000,1.0000
1.0000,1.0000,1.0000,1.0000,1.0000,1.0000,4.1947,1.1639,1.0000,1.0000
1.0000,1.0000,1.0000,1.0000,1.0000,1.0000,4.0506,2.9607,1.0000,1.0000
1.0000,1.0000,1.0000,1.0000,1.0000,1.0000,0.4644,1.8993,1.0000,1.0000
1.0000,1.0000,1.0000,1.0000,1.0000,1.0000,1.6989,3.8571,1.0000,1.0000
1.0000,1.0000,1.0000,1.0000,1.0000,1.0000,2.8350,0.3916,1.0000,1.0000
1.0000,1.0000,1.0000,1.0000,1.0000,1.0000,3.4431,4.5593,1.0000,1.0000
1.0000,1.0000,1.0000,1.0000,1.0000,1.0000,2.3159,0.7804,1.0000,1.0000
1.0000,1.0000,1.0000,1.0000,1.0000,1.0000,1.0813,3.6557,1.0000,1.0000
1.0000,1.0000,1.0000,1.0000,1.0000,1.0000,4.6585,2.2953,1.0000,1.0000
1.0000,1.0000,1.0000,1.0000,1.0000,1.0000,4.4843,3.5248,1.0000,1.0000
1.0000,1.0000,1.0000,1.0000,1.0000,1.0000,1.1792,2.4274,1.0000,1.0000
1.0000,1.0000,1.0000,1.0000,1.0000,1.0000,2.4139,4.4605,1.0000,1.0000
1.0000,1.0000,1.0000,1.0000,1.0000,1.0000,3.2689,0.8780,1.0000,1.0000
1.0000,1.0000,1.0000,1.0000,1.0000,1.0000,2.6603,4.0693,1.0000,1.0000
1.0000,1.0000,1.0000,1.0000,1.0000,1.0000,1.7974,0.1782,1.0000,1.0000
1.0000,1.0000,1.0000,1.0000,1.0000,1.0000,0.5629,3.1312,1.0000,1.0000
1.0000,1.0000,1.0000,1.0000,1.0000,1.0000,3.8757,1.7300,1.0000,1.0000
1.0000,1.0000,1.0000,1.0000,1.0000,1.0000,4.3644,4.8428,1.0000,1.0000
1.0000,1.0000,1.0000,1.0000,1.0000,1.0000,0.1700,1.2625,1.0000,1.0000
1.0000,1.0000,1.0000,1.0000,1.0000,1.0000,1.3853,3.2957,1.0000,1.0000
1.0000,1.0000,1.0000,1.0000,1.0000,1.0000,3.1298,2.1960,1.0000,1.0000
1.0000,1.0000,1.0000,1.0000,1.0000,1.0000,3.7373,2.7465,1.0000,1.0000
1.0000,1.0000,1.0000,1.0000,1.0000,1.0000,2.0030,1.3478,1.0000,1.0000
1.0000,1.0000,1.0000,1.0000,1.0000,1.0000,0.7874,4.3009,1.0000,1.0000
1.0000,1.0000,1.0000,1.0000,1.0000,1.0000,4.9718,0.4072,1.0000,1.0000
1.0000,1.0000,1.0000,1.0000,1.0000,1.0000,4.9508,4.9689,1.0000,1.0000
1.0000,1.0000,1.0000,1.0000,1.0000,1.0000,0.7127,1.1161,1.0000,1.0000
1.0000,1.0000,1.0000,1.0000,1.0000,1.0000,1.9473,3.4566,1.0000,1.0000
1.0000,1.0000,1.0000,1.0000,1.0000,1.0000,3.7355,2.0171,1.0000,1.0000
1.0000,1.0000,1.0000,1.0000,1.0000,1.0000,3.1172,2.6252,1.0000,1.0000
1.0000,1.0000,1.0000,1.0000,1.0000,1.0000,1.3405,1.4895,1.0000,1.0000
1.0000,1.0000,1.0000,1.0000,1.0000,1.0000,0.1059,4.1351,1.0000,1.0000
1.0000,1.0000,1.0000,1.0000,1.0000,1.0000,4.3328,0.5909,1.0000,1.0000
1.0000,1.0000,1.0000,1.0000,1.0000,1.0000,3.9027,3.6844,1.0000,1.0000
1.0000,1.0000,1.0000,1.0000,1.0000,1.0000,0.6317,2.2475,1.0000,1.0000
1.0000,1.0000,1.0000,1.0000,1.0000,1.0000,1.8471,4.5880,1.0000,1.0000
1.0000,1.0000,1.0000,1.0000,1.0000,1.0000,2.6680,0.7326,1.0000,1.0000
1.0000,1.0000,1.0000,1.0000,1.0000,1.0000,3.2851,3.9049,1.0000,1.0000
1.0000,1.0000,1.0000,1.0000,1.0000,1.0000,2.4551,0.3629,1.0000,1.0000
1.0000,1.0000,1.0000,1.0000,1.0000,1.0000,1.2397,3.0085,1.0000,1.0000
1.0000,1.0000,1.0000,1.0000,1.0000,1.0000,4.5195,1.8707,1.0000,1.0000
1.0000,1.0000,1.0000,1.0000,1.0000,1.0000,4.6507,3.1025,1.0000,1.0000
1.0000,1.0000,1.0000,1.0000,1.0000,1.0000,1.0316,1.7779,1.0000,1.0000
1.0000,1.0000,1.0000,1.0000,1.0000,1.0000,2.2472,4.0406,1.0000,1.0000
1.0000,1.0000,1.0000,1.0000,1.0000,1.0000,3.4162,0.2260,1.0000,1.0000
1.0000,1.0000,1.0000,1.0000,1.0000,1.0000,2.7998,4.4127,1.0000,1.0000
1.0000,1.0000,1.0000,1.0000,1.0000,1.0000,1.6384,0.9067,1.0000,1.0000
1.0000,1.0000,1.0000,1.0000,1.0000,1.0000,0.4231,3.4769,1.0000,1.0000
1.0000,1.0000,1.0000,1.0000,1.0000,1.0000,4.0344,2.4562,1.0000,1.0000
1.0000,1.0000,1.0000,1.0000,1.0000,1.0000,4.1965,4.2722,1.0000,1.0000
1.0000,1.0000,1.0000,1.0000,1.0000,1.0000,0.3185,0.4550,1.0000,1.0000
1.0000,1.0000,1.0000,1.0000,1.0000,1.0000,1.5529,2.7178,1.0000,1.0000
1.0000,1.0000,1.0000,1.0000,1.0000,1.0000,2.9810,1.3957,1.0000,1.0000
1.0000,1.0000,1.0000,1.0000,1.0000,1.0000,3.5987,3.2478,1.0000,1.0000
1.0000,1.0000,1.0000,1.0000,1.0000,1.0000,2.1604,2.2247,1.0000,1.0000
1.0000,1.0000,1.0000,1.0000,1.0000,1.0000,0.9258,4.7949,1.0000,1.0000
1.0000,1.0000,1.0000,1.0000,1.0000,1.0000,4.8140,1.2913,1.0000,1.0000
1.0000,1.0000,1.0000,1.0000,1.0000,1.0000,4.7281,3.3232,1.0000,1.0000
1.0000,1.0000,1.0000,1.0000,1.0000,1.0000,0.9547,1.9962,1.0000,1.0000
1.0000,1.0000,1.0000,1.0000,1.0000,1.0000,2.1701,4.8726,1.0000,1.0000
1.0000,1.0000,1.0000,1.0000,1.0000,1.0000,3.4934,1.0604,1.0000,1.0000
1.0000,1.0000,1.0000,1.0000,1.0000,1.0000,2.8760,4.1944,1.0000,1.0000
1.0000,1.0000,1.0000,1.0000,1.0000,1.0000,1.5627,0.6860,1.0000,1.0000
1.0000,1.0000,1.0000,1.0000,1.0000,1.0000,0.3472,2.6425,1.0000,1.0000
1.0000,1.0000,1.0000,1.0000,1.0000,1.0000,4.1104,1.6241,1.0000,1.0000
1.0000,1.0000,1.0000,1.0000,1.0000,1.0000,3.9675,4.6412,1.0000,1.0000
1.0000,1.0000,1.0000,1.0000,1.0000,1.0000,0.5476,0.8313,1.0000,1.0000
1.0000,1.0000,1.0000,1.0000,1.0000,1.0000,1.7822,3.7078,1.0000,1.0000
1.0000,1.0000,1.0000,1.0000,1.0000,1.0000,2.7522,2.3784,1.0000,1.0000
1.0000,1.0000,1.0000,1.0000,1.0000,1.0000,3.3684,2.8716,1.0000,1.0000
1.0000,1.0000,1.0000,1.0000,1.0000,1.0000,2.3908,1.8556,1.0000,1.0000
1.0000,1.0000,1.0000,1.0000,1.0000,1.0000,1.1563,3.8122,1.0000,1.0000
1.0000,1.0000,1.0000,1.0000,1.0000,1.0000,4.5840,0.3013,1.0000,1.0000
1.0000,1.0000,1.0000,1.0000,1.0000,1.0000,4.4142,3.9826,1.0000,1.0000
1.0000,1.0000,1.0000,1.0000,1.0000,1.0000,1.2492,0.1321,1.0000,1.0000
1.0000,1.0000,1.0000,1.0000,1.0000,1.0000,2.4836,3.0840,1.0000,1.0000
1.0000,1.0000,1.0000,1.0000,1.0000,1.0000,3.1988,1.6420,1.0000,1.0000
1.0000,1.0000,1.0000,1.0000,1.0000,1.0000,2.5818,3.6092,1.0000,1.0000
1.0000,1.0000,1.0000,1.0000,1.0000,1.0000,1.8757,2.4758,1.0000,1.0000
1.0000,1.0000,1.0000,1.0000,1.0000,1.0000,0.6410,4.5102,1.0000,1.0000
1.0000,1.0000,1.0000,1.0000,1.0000,1.0000,3.7972,0.9635,1.0000,1.0000
1.0000,1.0000,1.0000,1.0000,1.0000,1.0000,4.2847,2.8560,1.0000,1.0000
1.0000,1.0000,1.0000,1.0000,1.0000,1.0000,0.2492,1.4119,1.0000,1.0000
1.0000,1.0000,1.0000,1.0000,1.0000,1.0000,1.4648,4.3637,1.0000,1.0000
1.0000,1.0000,1.0000,1.0000,1.0000,1.0000,3.0501,0.5154,1.0000,1.0000
1.0000,1.0000,1.0000,1.0000,1.0000,1.0000,3.6683,4.7406,1.0000,1.0000
1.0000,1.0000,1.0000,1.0000,1.0000,1.0000,2.0715,1.1913,1.0000,1.0000
1.0000,1.0000,1.0000,1.0000,1.0000,1.0000,0.8562,3.2256,1.0000,1.0000
1.0000,1.0000,1.0000,1.0000,1.0000,1.0000,4.9029,2.0949,1.0000,1.0000
1.0000,1.0000,1.0000,1.0000,1.0000,1.0000,1.0000,1.0000,0.5421,1.0935
1.0000,1.0000,1.0000,1.0000,1.0000,1.0000,1.0000,1.0000,2.6864,4.3696
1.0000,1.0000,1.0000,1.0000,1.0000,1.0000,1.0000,1.0000,4.0535,1.5819
1.0000,1.0000,1.0000,1.0000,1.0000,1.0000,1.0000,1.0000,1.9097,3.1933
1.0000,1.0000,1.0000,1.0000,1.0000,1.0000,1.0000,1.0000,2.0363,2.2045
1.0000,1.0000,1.0000,1.0000,1.0000,1.0000,1.0000,1.0000,4.7929,2.5694
1.0000,1.0000,1.0000,1.0000,1.0000,1.0000,1.0000,1.0000,3.7126,0.4727
1.0000,1.0000,1.0000,1.0000,1.0000,1.0000,1.0000,1.0000,0.9561,4.9916
1.0000,1.0000,1.0000,1.0000,1.0000,1.0000,1.0000,1.0000,1.1005,1.7842
1.0000,1.0000,1.0000,1.0000,1.0000,1.0000,1.0000,1.0000,3.2441,3.6801
1.0000,1.0000,1.0000,1.0000,1.0000,1.0000,1.0000,1.0000,4.6519,0.8936
1.0000,1.0000,1.0000,1.0000,1.0000,1.0000,1.0000,1.0000,2.5087,3.8804
1.0000,1.0000,1.0000,1.0000,1.0000,1.0000,1.0000,1.0000,1.4486,0.2897
1.0000,1.0000,1.0000,1.0000,1.0000,1.0000,1.0000,1.0000,4.2047,4.4855
1.0000,1.0000,1.0000,1.0000,1.0000,1.0000,1.0000,1.0000,3.1602,2.3851
1.0000,1.0000,1.0000,1.0000,1.0000,1.0000,1.0000,1.0000,0.4044,3.0780
1.0000,1.0000,1.0000,1.0000,1.0000,1.0000,1.0000,1.0000,0.1092,2.4998
1.0000,1.0000,1.0000,1.0000,1.0000,1.0000,1.0000,1.0000,2.8656,2.8867
1.0000,1.0000,1.0000,1.0000,1.0000,1.0000,1.0000,1.0000,4.2714,0.1750
1.0000,1.0000,1.0000,1.0000,1.0000,1.0000,1.0000,1.0000,1.5147,4.6767
1.0000,1.0000,1.0000,1.0000,1.0000,1.0000,1.0000,1.0000,2.2876,0.7786
1.0000,1.0000,1.0000,1.0000,1.0000,1.0000,1.0000,1.0000,4.4315,4.0719
1.0000,1.0000,1.0000,1.0000,1.0000,1.0000,1.0000,1.0000,3.3897,1.8992
1.0000,1.0000,1.0000,1.0000,1.0000,1.0000,1.0000,1.0000,1.2455,3.4885
1.0000,1.0000,1.0000,1.0000,1.0000,1.0000,1.0000,1.0000,0.7728,0.5877
1.0000,1.0000,1.0000,1.0000,1.0000,1.0000,1.0000,1.0000,3.5287,4.8000
1.0000,1.0000,1.0000,1.0000,1.0000,1.0000,1.0000,1.0000,4.8985,2.0895
1.0000,1.0000,1.0000,1.0000,1.0000,1.0000,1.0000,1.0000,2.1425,2.7610
1.0000,1.0000,1.0000,1.0000,1.0000,1.0000,1.0000,1.0000,1.6522,1.4672
1.0000,1.0000,1.0000,1.0000,1.0000,1.0000,1.0000,1.0000,3.7954,3.3845
1.0000,1.0000,1.0000,1.0000,1.0000,1.0000,1.0000,1.0000,2.7130,1.2082
1.0000,1.0000,1.0000,1.0000,1.0000,1.0000,1.0000,1.0000,0.5693,4.1783
1.0000,1.0000,1.0000,1.0000,1.0000,1.0000,1.0000,1.0000,0.6898,1.4918
1.0000,1.0000,1.0000,1.0000,1.0000,1.0000,1.0000,1.0000,2.8340,3.2440
1.0000,1.0000,1.0000,1.0000,1.0000,1.0000,1.0000,1.0000,3.9141,1.1382
1.0000,1.0000,1.0000,1.0000,1.0000,1.0000,1.0000,1.0000,1.7702,4.2878
1.0000,1.0000,1.0000,1.0000,1.0000,1.0000,1.0000,1.0000,2.1840,0.5333
1.0000,1.0000,1.0000,1.0000,1.0000,1.0000,1.0000,1.0000,4.9407,4.8916
1.0000,1.0000,1.0000,1.0000,1.0000,1.0000,1.0000,1.0000,3.5732,2.0937
1.0000,1.0000,1.0000,1.0000,1.0000,1.0000,1.0000,1.0000,0.8168,2.6432
1.0000,1.0000,1.0000,1.0000,1.0000,1.0000,1.0000,1.0000,1.2781,0.9551
1.0000,1.0000,1.0000,1.0000,1.0000,1.0000,1.0000,1.0000,3.4218,3.7818
1.0000,1.0000,1.0000,1.0000,1.0000,1.0000,1.0000,1.0000,4.4659,1.6725
1.0000,1.0000,1.0000,1.0000,1.0000,1.0000,1.0000,1.0000,2.3227,3.7523
1.0000,1.0000,1.0000,1.0000,1.0000,1.0000,1.0000,1.0000,1.6263,2.2958
1.0000,1.0000,1.0000,1.0000,1.0000,1.0000,1.0000,1.0000,4.3823,3.1302
1.0000,1.0000,1.0000,1.0000,1.0000,1.0000,1.0000,1.0000,2.9742,0.3335
1.0000,1.0000,1.0000,1.0000,1.0000,1.0000,1.0000,1.0000,0.2183,4.4022
1.0000,1.0000,1.0000,1.0000,1.0000,1.0000,1.0000,1.0000,0.2856,0.2186
1.0000,1.0000,1.0000,1.0000,1.0000,1.0000,1.0000,1.0000,3.0421,4.5938
1.0000,1.0000,1.0000,1.0000,1.0000,1.0000,1.0000,1.0000,4.0841,2.4108
1.0000,1.0000,1.0000,1.0000,1.0000,1.0000,1.0000,1.0000,1.3275,2.9386
1.0000,1.0000,1.0000,1.0000,1.0000,1.0000,1.0000,1.0000,2.4642,1.7872
1.0000,1.0000,1.0000,1.0000,1.0000,1.0000,1.0000,1.0000,4.6079,3.5611
1.0000,1.0000,1.0000,1.0000,1.0000,1.0000,1.0000,1.0000,3.2026,0.8404
1.0000,1.0000,1.0000,1.0000,1.0000,1.0000,1.0000,1.0000,1.0583,3.9731
1.0000,1.0000,1.0000,1.0000,1.0000,1.0000,1.0000,1.0000,0.9218,1.9791
1.0000,1.0000,1.0000,1.0000,1.0000,1.0000,1.0000,1.0000,3.6776,2.8345
1.0000,1.0000,1.0000,1.0000,1.0000,1.0000,1.0000,1.0000,4.7604,0.6480
1.0000,1.0000,1.0000,1.0000,1.0000,1.0000,1.0000,1.0000,2.0043,4.7003
1.0000,1.0000,1.0000,1.0000,1.0000,1.0000,1.0000,1.0000,1.8011,1.2532
1.0000,1.0000,1.0000,1.0000,1.0000,1.0000,1.0000,1.0000,3.9443,4.0963
1.0000,1.0000,1.0000,1.0000,1.0000,1.0000,1.0000,1.0000,2.5748,1.3768
1.0000,1.0000,1.0000,1.0000,1.0000,1.0000,1.0000,1.0000,0.4311,3.4355
1.0000,1.0000,1.0000,1.0000,1.0000,1.0000,1.0000,1.0000,0.4682,2.1533
1.0000,1.0000,1.0000,1.0000,1.0000,1.0000,1.0000,1.0000,2.6118,2.6974
1.0000,1.0000,1.0000,1.0000,1.0000,1.0000,1.0000,1.0000,3.9790,0.5174
1.0000,1.0000,1.0000,1.0000,1.0000,1.0000,1.0000,1.0000,1.8357,4.8703
1.0000,1.0000,1.0000,1.0000,1.0000,1.0000,1.0000,1.0000,1.9576,1.1206
1.0000,1.0000,1.0000,1.0000,1.0000,1.0000,1.0000,1.0000,4.7137,4.2660
1.0000,1.0000,1.0000,1.0000,1.0000,1.0000,1.0000,1.0000,3.6333,1.5519
1.0000,1.0000,1.0000,1.0000,1.0000,1.0000,1.0000,1.0000,0.8775,3.2999
1.0000,1.0000,1.0000,1.0000,1.0000,1.0000,1.0000,1.0000,1.0261,0.3943
1.0000,1.0000,1.0000,1.0000,1.0000,1.0000,1.0000,1.0000,3.1701,4.4575
1.0000,1.0000,1.0000,1.0000,1.0000,1.0000,1.0000,1.0000,4.5781,2.2788
1.0000,1.0000,1.0000,1.0000,1.0000,1.0000,1.0000,1.0000,2.4341,3.1077
1.0000,1.0000,1.0000,1.0000,1.0000,1.0000,1.0000,1.0000,1.3693,1.6560
1.0000,1.0000,1.0000,1.0000,1.0000,1.0000,1.0000,1.0000,4.1261,3.7317
1.0000,1.0000,1.0000,1.0000,1.0000,1.0000,1.0000,1.0000,3.0815,1.0140
1.0000,1.0000,1.0000,1.0000,1.0000,1.0000,1.0000,1.0000,0.3252,3.8366
1.0000,1.0000,1.0000,1.0000,1.0000,1.0000,1.0000,1.0000,0.1837,0.8228
1.0000,1.0000,1.0000,1.0000,1.0000,1.0000,1.0000,1.0000,2.9394,3.9513
1.0000,1.0000,1.0000,1.0000,1.0000,1.0000,1.0000,1.0000,4.3453,1.8473
1.0000,1.0000,1.0000,1.0000,1.0000,1.0000,1.0000,1.0000,1.5891,3.6170
1.0000,1.0000,1.0000,1.0000,1.0000,1.0000,1.0000,1.0000,2.3668,2.4704
1.0000,1.0000,1.0000,1.0000,1.0000,1.0000,1.0000,1.0000,4.5103,2.9928
1.0000,1.0000,1.0000,1.0000,1.0000,1.0000,1.0000,1.0000,3.4683,0.2027
1.0000,1.0000,1.0000,1.0000,1.0000,1.0000,1.0000,1.0000,1.3248,4.5725
1.0000,1.0000,1.0000,1.0000,1.0000,1.0000,1.0000,1.0000,0.8467,1.3604
1.0000,1.0000,1.0000,1.0000,1.0000,1.0000,1.0000,1.0000,3.6031,3.4149
1.0000,1.0000,1.0000,1.0000,1.0000,1.0000,1.0000,1.0000,4.9730,1.3121
1.0000,1.0000,1.0000,1.0000,1.0000,1.0000,1.0000,1.0000,2.2163,4.1510
1.0000,1.0000,1.0000,1.0000,1.0000,1.0000,1.0000,1.0000,1.7308,0.7087
1.0000,1.0000,1.0000,1.0000,1.0000,1.0000,1.0000,1.0000,3.8747,4.7557
1.0000,1.0000,1.0000,1.0000,1.0000,1.0000,1.0000,1.0000,2.7922,1.9620
1.0000,1.0000,1.0000,1.0000,1.0000,1.0000,1.0000,1.0000,0.6480,2.8121
1.0000,1.0000,1.0000,1.0000,1.0000,1.0000,1.0000,1.0000,0.6160,0.4077
1.0000,1.0000,1.0000,1.0000,1.0000,1.0000,1.0000,1.0000,2.7595,4.9404
1.0000,1.0000,1.0000,1.0000,1.0000,1.0000,1.0000,1.0000,3.8397,2.2174
1.0000,1.0000,1.0000,1.0000,1.0000,1.0000,1.0000,1.0000,1.6963,2.5961
1.0000,1.0000,1.0000,1.0000,1.0000,1.0000,1.0000,1.0000,2.1053,1.5930
1.0000,1.0000,1.0000,1.0000,1.0000,1.0000,1.0000,1.0000,4.8615,3.2193
1.0000,1.0000,1.0000,1.0000,1.0000,1.0000,1.0000,1.0000,3.4939,1.0292
1.0000,1.0000,1.0000,1.0000,1.0000,1.0000,1.0000,1.0000,0.7382,4.3202
1.0000,1.0000,1.0000,1.0000,1.0000,1.0000,1.0000,1.0000,1.2037,2.3214
1.0000,1.0000,1.0000,1.0000,1.0000,1.0000,1.0000,1.0000,3.3478,3.0280
1.0000,1.0000,1.0000,1.0000,1.0000,1.0000,1.0000,1.0000,4.3921,0.3014
1.0000,1.0000,1.0000,1.0000,1.0000,1.0000,1.0000,1.0000,2.2482,4.5109
1.0000,1.0000,1.0000,1.0000,1.0000,1.0000,1.0000,1.0000,1.5470,0.9059
1.0000,1.0000,1.0000,1.0000,1.0000,1.0000,1.0000,1.0000,4.3037,3.9076
1.0000,1.0000,1.0000,1.0000,1.0000,1.0000,1.0000,1.0000,2.8955,1.7187
1.0000,1.0000,1.0000,1.0000,1.0000,1.0000,1.0000,1.0000,0.1391,3.6295
1.0000,1.0000,1.0000,1.0000,1.0000,1.0000,1.0000,1.0000,0.3601,1.9102
1.0000,1.0000,1.0000,1.0000,1.0000,1.0000,1.0000,1.0000,3.1159,3.5145
1.0000,1.0000,1.0000,1.0000,1.0000,1.0000,1.0000,1.0000,4.1580,0.7143
1.0000,1.0000,1.0000,1.0000,1.0000,1.0000,1.0000,1.0000,1.4019,4.0226
1.0000,1.0000,1.0000,1.0000,1.0000,1.0000,1.0000,1.0000,2.5433,0.1101
1.0000,1.0000,1.0000,1.0000,1.0000,1.0000,1.0000,1.0000,4.6867,4.6256
1.0000,1.0000,1.0000,1.0000,1.0000,1.0000,1.0000,1.0000,3.2811,2.5126
1.0000,1.0000,1.0000,1.0000,1.0000,1.0000,1.0000,1.0000,1.1376,2.9133
1.0000,1.0000,1.0000,1.0000,1.0000,1.0000,1.0000,1.0000,0.9957,1.2204
1.0000,1.0000,1.0000,1.0000,1.0000,1.0000,1.0000,1.0000,3.7520,4.2055
1.0000,1.0000,1.0000,1.0000,1.0000,1.0000,1.0000,1.0000,4.8349,1.4017
1.0000,1.0000,1.0000,1.0000,1.0000,1.0000,1.0000,1.0000,2.0781,3.3340
1.0000,1.0000,1.0000,1.0000,1.0000,1.0000,1.0000,1.0000,1.8796,2.0258
1.0000,1.0000,1.0000,1.0000,1.0000,1.0000,1.0000,1.0000,4.0237,2.7111
1.0000,1.0000,1.0000,1.0000,1.0000,1.0000,1.0000,1.0000,2.6539,0.5993
1.0000,1.0000,1.0000,1.0000,1.0000,1.0000,1.0000,1.0000,0.5099,4.8254
